
INCLUDES GAMES OF FRIDAY, MARCH 13, 2026
                                                                                                         DECIDED  DECIDED
                          POINTS       FIELD GOAL    TURNOVERS         REBOUND         BELOW   OVERTIME   3 PTS.  10 PTS.
                          PER GAME     PERCENTAGE     PER GAME       PERCENTAGES      100 PTS.   GAMES   OR LESS  OR MORE
TEAM                    OWN    OPP.    OWN   OPP.    OWN   OPP.    OFF.  DEF.  TOT.   OWN OPP.    W  L     W  L     W  L
Atlanta               117.7  116.9    .471  .473    14.3  15.9    .235  .740  .488      6   7     1  0     6  7    23 17
Boston                114.3  107.1*   .464  .441    12.2* 12.6    .293  .751  .522      8  16     1  0     5  7    29  8
Brooklyn              106.9  115.8    .446  .494    15.9  13.8    .247  .741  .494     17   3     0  2     2  2    11 34
Charlotte             115.7  112.3    .459  .470    15.6  12.7    .304  .768  .536      5  16     2  1     3  6    22 15
Chicago               115.8  120.2    .468  .474    15.1  12.5    .231  .758  .494      6   2     1  1    10  5    10 24
Cleveland             119.1  114.6    .477  .462    14.2  15.7    .271  .737  .504      4   8     0  3     2  5    24 13
Dallas                112.9  118.0    .468  .472    14.9  13.1    .230  .739  .485      8   2     2  2     5  7     7 23
Denver                120.6* 116.5    .493  .470    13.0  12.0    .236  .748  .492      2   4     3  3     7 10    21  9
Detroit               117.4  109.6    .480  .441    15.1  17.1*   .309  .742  .525      5  10     2  1     9  5    24  6
Golden State          115.2  114.4    .458  .473    15.3  15.9    .255  .726  .491     10  11     2  2     4  4    20 17
Houston               114.1  109.9    .474  .459    15.6  13.5    .351* .741  .546*     6  12     1  6     3  8    19 11
Indiana               111.0  119.7    .449  .489    14.4  13.8    .220  .746  .483     10   4     1  1     6  5     4 31
L.A. Clippers         113.5  112.5    .483  .467    14.6  13.9    .237  .735  .486      6  10     2  0     6  8    20 18
L.A. Lakers           116.3  115.1    .499* .484    14.5  14.6    .240  .745  .493      6   4     0  0     6  2    22 19
Memphis               115.7  118.4    .461  .475    15.2  15.5    .260  .721  .491      4   5     1  1     2  5     9 19
Miami                 120.5  116.5    .464  .457    14.0  15.6    .260  .749  .504      5   6     1  0     6  3    24 16
Milwaukee             111.0  115.9    .479  .467    14.6  13.1    .205  .743  .474     10   6     2  1     5  6    15 24
Minnesota             118.7  115.2    .485  .464    14.7  14.8    .259  .747  .503      4   5     1  2     5  4    23 13
New Orleans           115.4  119.8    .465  .474    14.3  14.6    .273  .713  .493      7   3     1  4     2  5    12 20
New York              117.0  110.7    .473  .456    13.7  14.3    .291  .769* .530      7  14     1  1     6  4    27 15
Oklahoma City         118.6  107.8    .482  .435*   12.6  16.8    .217  .740  .478      2  15     4  0     5  6    33  6
Orlando               115.6  114.0    .465  .474    13.6  14.9    .250  .754  .502      7   7     3  2    11  3    15 15
Philadelphia          115.8  116.5    .460  .472    13.8  15.8    .264  .723  .493      5   3     4  3     6  8    19 14
Phoenix               112.5  111.2    .455  .470    14.7  16.3    .289  .714  .501     10  11     1  1     7  7    20 13
Portland              115.2  117.7    .452  .474    17.3  15.6    .310  .723  .516     11   2     1  1     6  5    15 16
Sacramento            110.6  120.9    .463  .493    14.1  14.3    .251  .730  .490     13   2     2  1     3  4     6 33
San Antonio           118.9  111.9    .480  .452    13.6  13.3    .254  .768  .511      3   8     1  0     7  4    31  7
Toronto               113.5  111.9    .473  .464    13.7  16.0    .254  .740  .497     11  10     2  2     7  4    24 18
Utah                  117.4  125.0    .465  .489    15.6  14.2    .264  .729  .497      5   1     3  2     5  8     7 31
Washington            112.8  123.9    .460  .480    15.7  13.7    .249  .704  .476      7   3     0  3     2  2     7 38

COMPOSITE; 1994  games   115.3           .469          14.5       .260  .740          210   210     46      159      543

* - League Leader

REBOUND PERCENTAGES
OFF. - Percentage of a given team's missed shots which that team rebounds.
DEF. - Percentage of opponents' missed shots which a given team rebounds.
TOT. - Average of offensive and defensive rebound percentages.
